Index Type X Y Z Radius Parent
1 1 0 0 0 1.915 1
2 1 0 -1.9 0 1.915 1
3 1 0 1.89 0 1.915 1
4 6 0 -0.02 -0.02 0.25 1
5 6 0.05 -0.1 -0.1 0.25 4
6 6 0.07 -0.18 -0.2 0.25 5
7 6 0.1 -0.25 -0.27 0.25 6
8 6 0.15 -0.31 -0.36 0.25 7
9 6 0.18 -0.37 -0.43 0.25 8
10 6 0.2 -0.46 -0.5 0.25 9
11 6 0.23 -0.51 -0.57 0.25 10
12 6 0.27 -0.6 -0.68 0.25 11
13 6 0.28 -0.49 -0.75 0.25 12
14 6 0.25 -0.18 -0.82 0.25 13
15 6 0.25 -0.1 -0.91 0.25 14
16 6 0.28 -0.2 -1 0.25 15
17 6 0.28 -0.31 -1.07 0.25 16
18 6 0.31 -0.4 -1.14 0.25 17
19 6 0.31 -0.5 -1.23 0.25 18
20 6 0.34 -0.62 -1.29 0.25 19
21 6 0.33 -0.68 -1.38 0.25 20
22 6 0.28 -0.75 -1.47 0.25 21
23 6 0.23 -0.81 -1.54 0.25 22
24 6 0.2 -0.86 -1.62 0.25 23
25 6 0.15 -0.92 -1.72 0.25 24
26 6 0 -0.81 -1.77 0.25 25
27 6 -0.18 -0.68 -1.87 0.25 26
28 6 -0.36 -0.57 -1.95 0.25 27
29 6 -0.36 -0.51 -2.02 0.25 28
30 6 -0.36 -0.46 -2.09 0.25 29
31 6 -0.36 -0.4 -2.2 0.25 30
32 6 -0.36 -0.36 -2.25 0.25 31
33 6 -0.36 -0.33 -2.3 0.25 32
34 6 0 0 0.05 0.25 1
35 6 0 0 0.09 0.25 34
36 6 0 0 0.15 0.25 35
37 6 0 0.01 0.25 0.25 36
38 6 0 0.02 0.31 0.25 37
39 6 0 0.05 0.4 0.25 38
40 6 0 0.07 0.46 0.25 39
41 6 0 0.07 0.56 0.25 40
42 6 -0.01 0.09 0.62 0.25 41
43 6 -0.01 0.1 0.73 0.25 42
44 6 -0.01 0.1 0.8 0.25 43
45 6 -0.02 0.11 0.87 0.25 44
46 6 -0.02 0.14 0.94 0.25 45
47 6 -0.02 0.15 1.03 0.25 46
48 6 -0.05 0.17 1.12 0.25 47
49 6 -0.05 0.18 1.21 0.25 48
50 6 -0.05 0.18 1.26 0.25 49
51 6 -0.05 0.2 1.37 0.25 50
52 6 -0.05 0.2 1.44 0.25 51
53 6 -0.07 0.23 1.51 0.25 52
54 6 -0.07 0.23 1.6 0.25 53
55 6 -0.07 0.25 1.69 0.25 54
56 6 -0.07 0.25 1.75 0.25 55
57 6 -0.07 0.27 1.84 0.25 56
58 6 -0.07 0.28 1.91 0.25 57
59 6 -0.09 0.3 2 0.25 58
60 6 -0.07 0.2 2.07 0.25 59
61 6 -0.05 0.15 2.16 0.25 60
62 6 0 0.07 2.25 0.25 61
63 6 0.05 0 2.3 0.25 62
64 6 0.11 -0.07 2.41 0.25 63
65 6 0.17 -0.1 2.48 0.25 64
66 6 0.18 -0.1 2.55 0.25 65
67 6 0.2 -0.09 2.64 0.25 66
68 6 0.2 -0.02 2.73 0.25 67
69 6 0.15 0.05 2.78 0.25 68
70 6 0.1 0.27 2.89 0.25 69
71 6 0 0.56 2.96 0.25 70
72 6 -0.1 0.8 3.03 0.25 71
73 6 -0.23 1.01 3.1 0.25 72
74 6 -0.4 1.28 3.21 0.25 73
75 6 -0.97 1.99 3.25 0.25 74
76 6 -1.37 3.63 3.25 0.25 75
77 6 -1.53 5.36 3.25 0.25 76
78 6 -1.57 5.44 3.3 0.25 77
79 6 -1.59 5.51 3.41 0.25 78
80 6 -1.6 5.57 3.48 0.25 79
81 6 -1.59 5.61 3.55 0.25 80
82 6 -1.59 5.65 3.64 0.25 81
83 6 -1.58 5.71 3.73 0.25 82
84 6 -1.57 5.78 3.78 0.25 83
85 6 -1.57 5.84 3.89 0.25 84
86 6 -1.57 5.92 3.96 0.25 85
87 6 -1.54 5.98 4.11 0.25 86
88 6 -1.51 6.03 4.21 0.25 87
89 6 -1.49 6.07 4.28 0.25 88
90 6 -1.46 6.15 4.4 0.25 89
91 6 -1.41 6.19 4.48 0.25 90
92 6 -1.37 6.26 4.57 0.25 91
93 6 -1.36 6.3 4.63 0.25 92
94 6 -1.33 6.36 4.73 0.25 93
95 6 -1.27 6.4 4.8 0.25 94
96 6 -1.25 6.44 4.88 0.25 95
97 6 -1.2 6.48 4.96 0.25 96
98 6 -1.15 6.53 5.15 0.25 97
99 6 -1.12 6.57 5.25 0.25 98
100 6 -1.07 6.61 5.36 0.25 99
101 6 -1.01 6.65 5.44 0.25 100
102 6 -0.97 6.76 5.53 0.25 101
103 6 -0.92 6.86 5.59 0.25 102
104 6 -0.81 7.01 5.69 0.25 103
105 6 -0.72 7.15 5.76 0.25 104
106 6 -0.63 7.28 5.84 0.25 105
107 6 -0.57 7.4 5.92 0.25 106
108 6 -0.55 7.48 6 0.25 107
109 6 -0.5 7.53 6.09 0.25 108
110 6 -0.5 7.67 6.15 0.25 109
111 6 -0.54 7.9 6.25 0.25 110
112 6 -0.56 8.14 6.32 0.25 111
113 6 -0.46 8.35 6.4 0.25 112
114 6 -0.4 8.55 6.48 0.25 113
115 6 -0.33 8.72 6.57 0.25 114
116 6 -0.27 8.81 6.63 0.25 115
117 6 -0.2 8.93 6.73 0.25 116
118 6 -0.25 9.3 6.84 0.25 117
119 6 -0.2 9.68 6.92 0.25 118
120 6 -0.14 10.06 7 0.25 119
121 6 -0.18 10.42 7.09 0.25 120
122 6 -0.2 10.77 7.15 0.25 121
123 6 -0.34 12.22 7.21 0.25 122
124 6 -0.4 12.43 7.28 0.25 123
125 6 -0.43 12.68 7.36 0.25 124
126 6 -0.8 13.6 7.48 0.25 125
127 6 -0.82 13.68 7.57 0.25 126
128 6 -0.87 13.77 7.63 0.25 127
129 6 -1.11 14.31 7.73 0.25 128
130 6 -1.1 15.02 7.8 0.25 129
131 6 -1.04 15.5 7.88 0.25 130
132 6 -1 15.72 7.96 0.25 131
133 6 -1.62 17.45 8 0.25 132
134 6 -1.89 17.88 8.05 0.25 133
135 6 -1.88 17.86 8.1 0.25 134
136 6 -1.99 18.04 8.05 0.25 135
137 6 -2.03 18.2 7.96 0.25 136
138 6 -2.06 18.3 7.88 0.25 137
139 6 -2.06 19.79 7.84 0.25 138
140 6 -1.91 20.55 7.76 0.25 139
141 6 -1.87 20.71 7.69 0.25 140
142 6 -1.52 21 7.59 0.25 141
143 6 -1.14 21.17 7.53 0.25 142
144 6 -1.14 22.84 7.32 0.25 143
145 6 -1.71 22.56 7.4 0.25 144
146 6 -1.83 22.54 7.32 0.25 145
147 6 -1.88 22.52 7.25 0.25 146
148 6 -2.04 22.54 7.15 0.25 147
149 6 -2.26 22.54 7.09 0.25 148
150 6 -2.43 22.54 7 0.25 149
151 6 -2.64 22.61 6.92 0.25 150
152 6 -2.92 22.62 6.84 0.25 151
153 6 -2.92 22.62 6.8 0.25 152
154 6 -3.03 22.79 6.76 0.25 153
155 6 -3.22 22.79 6.69 0.25 154
156 6 -3.26 22.79 6.59 0.25 155
157 6 -3.46 22.84 6.53 0.25 156
158 6 -3.82 23.44 6.4 0.25 157
159 6 -3.85 24.43 6.53 0.25 158
160 6 -3.92 24.43 6.57 0.25 159
161 6 -4.05 24.54 6.63 0.25 160
162 6 -4.17 24.5 6.8 0.25 161
163 6 -4.23 24.45 6.84 0.25 162
164 6 -3.8 23.44 6.32 0.25 158
165 6 -4.03 23.47 6.25 0.25 164
166 6 -4.13 23.52 6.21 0.25 165
167 6 -4.4 23.38 6.15 0.25 166
168 6 -4.76 23.39 6.11 0.25 167
169 6 -5.32 23.96 6.05 0.25 168
170 6 -5.36 23.97 6.01 0.25 169
171 6 -5.38 24 6 0.25 170
172 6 -5.38 24 5.96 0.25 171
173 6 -5.46 24.05 5.92 0.25 172
174 6 -5.63 24.2 5.86 0.25 173
175 6 -5.63 24.2 5.88 0.25 174
176 6 -6.09 24.87 5.59 0.25 175
177 6 -6.15 25 5.57 0.25 176
178 6 -6.21 25.04 5.53 0.25 177
179 6 -6.23 25.04 5.48 0.25 178
180 6 -6.21 25.05 5.44 0.25 179
181 6 -6.19 24.97 5.32 0.25 180
182 6 -6.19 24.95 5.25 0.25 181
183 6 -6.38 25.02 5.75 0.25 178
184 6 -6.55 25.37 5.73 0.25 183
185 6 -6.73 25.72 5.73 0.25 184
186 6 -7.05 26.19 5 0.25 185
187 6 -7.07 26.2 5.05 0.25 186
188 6 -7.13 26.09 5.09 0.25 187
189 6 -7.23 26.12 5.15 0.25 188
190 6 -7.23 26.14 5.25 0.25 189
191 6 -7.42 26.14 5.36 0.25 190
192 6 -7.73 26.12 5.44 0.25 191
193 6 -7.78 26.06 5.48 0.25 192
194 6 -7.96 25.97 5.57 0.25 193
195 6 -8.34 26.2 5.57 0.25 194
196 6 -8.72 26.52 5.59 0.25 195
197 6 -9.06 26.79 5.59 0.25 196
198 6 -9.06 26.79 5.63 0.25 197
199 6 -9.06 26.79 5.69 0.25 198
200 6 -9.02 26.79 5.8 0.25 199
201 6 -9.25 26.79 5.57 0.25 197
202 6 -9.25 26.79 5.53 0.25 201
203 6 -9.25 26.79 5.48 0.25 202
204 6 -9.27 26.79 5.44 0.25 203
205 6 -10.31 26.95 5.36 0.25 204
206 6 -10.47 26.72 5.36 0.25 205
207 6 -10.52 26.54 5.36 0.25 206
208 6 -10.55 26.37 5.25 0.25 207
209 6 -10.68 26.29 5.15 0.25 208
210 6 -10.68 26.12 5.09 0.25 209
211 6 -10.68 26.04 5 0.25 210
212 6 -10.64 26.02 4.92 0.25 211
213 6 -10.6 25.95 4.84 0.25 212
214 6 -10.64 25.88 4.76 0.25 213
215 6 -10.71 25.8 4.69 0.25 214
216 6 -10.75 25.79 4.59 0.25 215
217 6 -10.85 25.87 4.53 0.25 216
218 6 -10.93 25.95 4.44 0.25 217
219 6 -10.89 25.96 4.36 0.25 218
220 6 -10.89 26.04 4.25 0.25 219
221 6 -11.06 27.37 5.25 0.25 206
222 6 -11.81 27.64 5.23 0.25 221
223 6 -11.88 27.62 5.15 0.25 222
224 6 -11.89 27.54 4.96 0.25 223
225 6 -11.85 27.51 4.88 0.25 224
226 6 -11.81 27.64 5.21 0.25 222
227 6 -13.02 28.12 5.53 0.25 226
228 6 -13.02 28.12 5.48 0.25 227
229 6 -13.06 27.84 5.4 0.25 228
230 6 -13.06 27.84 5.32 0.25 229
231 6 -13.93 28.06 5.25 0.25 230
232 6 -14.43 28.01 5 0.25 231
233 6 -15.1 27.7 4.88 0.25 232
234 6 -15.64 28.12 5.4 0.25 233
235 6 -15.89 28.2 5.48 0.25 234
236 6 -16.37 28.19 5.57 0.25 235
237 6 -16.37 28.19 5.59 0.25 236
238 6 -16.31 28.3 5.63 0.25 237
239 6 -16.31 28.3 5.69 0.25 238
240 6 -16.27 28.45 5.76 0.25 239
241 6 -16.3 28.43 5.8 0.25 240
242 6 -16.8 27.96 5.36 0.25 237
243 6 -17.52 27.87 5.59 0.25 242
244 6 -17.97 27.86 5.69 0.25 243
245 6 -18.04 27.84 5.73 0.25 244
246 6 -18.3 27.76 5.8 0.25 245
247 6 -18.39 27.75 5.84 0.25 246
248 6 -18.39 27.75 5.88 0.25 247
249 6 -18.43 27.75 5.92 0.25 248
250 6 -18.84 27.8 5.63 0.25 247
251 6 -18.95 27.76 5.63 0.25 250
252 6 -19.31 27.54 5.76 0.25 251
253 6 -19.43 27.45 5.69 0.25 252
254 6 -19.5 27.37 5.48 0.25 253
255 6 -19.5 27.37 5.44 0.25 254
256 6 -19.5 27.45 5.4 0.25 255
257 6 -19.45 27.45 5.36 0.25 256
258 6 -20.34 27.51 5.4 0.25 255
259 6 -20.54 27.62 5.63 0.25 258
260 6 -20.95 27.79 5.73 0.25 259
261 6 -21.77 27.68 5.88 0.25 260
262 6 -21.72 27.7 5.84 0.25 261
263 6 -21.7 27.69 5.57 0.25 262
264 6 -21.79 27.87 5.4 0.25 263
265 6 -21.95 27.86 5.32 0.25 264
266 6 -22.42 27.67 6 0.25 261
267 6 -22.42 27.67 5.92 0.25 266
268 6 -22.54 27.7 6.09 0.25 267
269 6 -22.6 27.67 6.11 0.25 268
270 6 -23.13 27.54 6.21 0.25 269
271 6 -23.69 27.62 6.28 0.25 270
272 6 -23.96 27.38 6.36 0.25 271
273 6 -24.22 27.18 6.44 0.25 272
274 6 -24.25 27.18 6.48 0.25 273
275 6 -25.93 26.79 6.25 0.25 274
276 6 -26.18 26.67 6.48 0.25 275
277 6 -26.18 26.67 6.44 0.25 276
278 6 -26.12 26.72 6.4 0.25 277
279 6 -26.11 26.77 6.36 0.25 278
280 6 -26.39 26.69 6.53 0.25 276
281 6 -26.55 26.59 6.57 0.25 280
282 6 -27.27 26.63 6.63 0.25 281
283 6 -27.39 26.68 6.73 0.25 282
284 6 -27.92 26.62 6.8 0.25 283
285 6 -28.05 26.62 6.88 0.25 284
286 6 -28.21 26.76 6.96 0.25 285
287 6 -28.37 26.84 7.05 0.25 286
288 6 -30.28 27.86 6.96 0.25 287
289 6 -30.79 28.01 7.05 0.25 288
290 6 -31.19 28.02 7.11 0.25 289
291 6 -31.45 27.96 7.15 0.25 290
292 6 -31.46 27.95 7.21 0.25 291
293 6 -31.7 28.26 7.32 0.25 290
294 6 -31.87 28.34 7.36 0.25 293
295 6 -33.15 29.64 7.32 0.25 294
296 6 -33.09 29.56 7.28 0.25 295
297 6 -33.04 29.45 7.21 0.25 296
298 6 -33.09 29.43 7.11 0.25 297
299 6 -33.52 30.26 7.36 0.25 295
300 6 -33.72 31.09 7.36 0.25 299
301 6 -33.95 33.02 7.36 0.25 300
302 6 -34.52 35.5 7.36 0.25 301
303 6 -34.9 37.59 7.48 0.25 302
304 6 -34.95 37.74 7.57 0.25 303
305 6 -34.95 38.02 7.63 0.25 304
306 6 -35.06 38.13 7.73 0.25 305
307 6 -35.15 38.18 7.8 0.25 306
308 6 -35.29 38.79 7.88 0.25 307
309 6 -35.22 38.95 7.96 0.25 308
310 6 -35.36 39.15 8.05 0.25 309
311 6 -35.4 39.45 8.1 0.25 310
312 6 -35.52 39.63 8.21 0.25 311
313 6 -35.65 39.72 8.27 0.25 312
314 6 -35.65 39.93 8.35 0.25 313
315 6 -35.7 39.97 8.43 0.25 314
316 6 -35.77 39.99 8.52 0.25 315
317 6 -35.84 40.15 8.6 0.25 316
318 6 -35.88 40.22 8.68 0.25 317
319 6 -35.95 40.5 8.77 0.25 318
320 6 -35.95 40.65 8.84 0.25 319
321 6 -35.99 40.86 8.93 0.25 320
322 6 -35.99 40.86 9 0.25 321
323 6 -36.04 41.02 9.09 0.25 322
324 6 -36.04 41.11 9.14 0.25 323
325 6 -36.04 41.27 9.25 0.25 324
326 6 -36.04 41.31 9.31 0.25 325
327 6 -36.04 41.5 9.39 0.25 326
328 6 -36.06 41.72 9.47 0.25 327
329 6 -36.06 41.75 9.56 0.25 328
330 6 -36.04 41.77 9.64 0.25 329
331 6 -36.04 41.77 9.72 0.25 330
332 6 -36.33 42.13 9.8 0.25 331
333 6 -36.49 42.45 9.93 0.25 332
334 6 -36.58 42.59 10.05 0.25 333
335 6 -36.7 42.65 10.1 0.25 334
336 6 -41.93 42.72 10.43 0.25 335
337 6 -42 42.65 10.47 0.25 336
338 6 -41.97 42.65 10.56 0.25 337
339 6 -41.9 42.5 10.68 0.25 338
340 6 -41.9 42.34 10.77 0.25 339
341 6 -41.9 42.29 10.8 0.25 340
342 6 -41.95 42.24 10.84 0.25 341
343 6 -42.02 41.77 10.84 0.25 342
344 6 -41.97 41.63 10.68 0.25 343
345 6 -42.11 42.22 11.21 0.25 342
346 6 -42.13 42.22 11.27 0.25 345
347 6 -42.09 42.36 11.47 0.25 346
348 6 -42.11 42.47 11.52 0.25 347
349 6 -42.11 42.54 11.56 0.25 348
350 6 -42.11 42.59 11.6 0.25 349
351 6 -42.04 42.68 11.68 0.25 350
352 6 -42.04 42.75 11.72 0.25 351
353 6 -42.06 42.88 11.77 0.25 352
354 6 -42.06 42.9 11.84 0.25 353
355 6 -42.06 42.93 11.93 0.25 354
356 6 -42.15 43.02 12 0.25 355
357 6 -42.18 43.08 12.05 0.25 356
358 6 -42.22 43.31 12.27 0.25 357
359 6 -42.25 43.38 12.35 0.25 358
360 6 -42.4 43.68 12.8 0.25 359
361 6 -42.4 43.81 12.89 0.25 360
362 6 -42.43 43.93 12.96 0.25 361
363 6 -42.5 44.02 13.05 0.25 362
364 6 -42.58 44.13 13.1 0.25 363
365 6 -42.86 44.25 13.35 0.25 364
366 6 -42.9 44.36 13.43 0.25 365
367 6 -43.08 44.5 13.6 0.25 366
368 6 -43.13 44.59 13.68 0.25 367
369 6 -43.22 44.74 13.88 0.25 368
370 6 -43.25 44.97 14.05 0.25 369
371 6 -43.2 45.2 14.1 0.25 370
372 6 -43.25 46.33 14.64 0.25 371
373 6 -43.31 46.52 14.88 0.25 372
374 6 -43.24 46.59 14.92 0.25 373
375 6 -43.45 46.68 15.09 0.25 374
376 6 -43.47 46.99 15.22 0.25 375
377 6 -43.43 47.09 15.31 0.25 376
378 6 -43.4 47.15 15.39 0.25 377
379 6 -43.4 47.25 15.52 0.25 378
380 6 -43.56 47.58 16.01 0.25 379
381 6 -43.56 47.61 16.2 0.25 380
382 6 -43.63 47.7 16.29 0.25 381
383 6 -45.65 50.02 16.31 0.25 382
384 6 -45.74 50.06 16.39 0.25 383
385 6 -45.65 50.18 16.46 0.25 384
386 6 -45.75 50.2 16.54 0.25 385
387 6 -45.7 50.33 16.71 0.25 386
388 6 -45.75 50.34 16.84 0.25 387
389 6 -45.63 50.36 16.92 0.25 388
390 6 -45.68 50.4 17.04 0.25 389
391 6 -45.68 50.4 17.12 0.25 390
392 6 -45.68 50.4 17.2 0.25 391
393 6 -45.68 50.4 17.29 0.25 392
394 6 -45.58 50.45 17.44 0.25 393
395 6 -45.54 50.52 17.54 0.25 394
396 6 -45.54 50.52 17.63 0.25 395
397 6 -45.45 50.5 17.77 0.25 396
398 6 -45.36 50.58 17.95 0.25 397
399 6 -45.43 50.75 18.22 0.25 398
400 6 -45.43 50.99 18.37 0.25 399
401 6 -45.52 51.02 18.52 0.25 400
402 6 -45.52 51.02 18.61 0.25 401
403 6 -45.52 51.02 18.63 0.25 402
404 6 -45.52 51.02 18.69 0.25 403
405 6 -45.54 51.13 18.84 0.25 404
406 6 -45.59 51.25 18.92 0.25 405
407 6 -45.63 51.38 19.14 0.25 406
408 6 -45.63 51.45 19.22 0.25 407
409 6 -45.61 51.54 19.31 0.25 408
410 6 -45.84 51.7 19.39 0.25 409
411 6 -45.61 51.75 19.44 0.25 410
412 6 -45.63 51.72 19.52 0.25 411
413 6 -45.7 51.75 19.63 0.25 412
414 6 -45.68 51.74 19.71 0.25 413
415 6 -45.65 51.68 19.79 0.25 414
416 6 -45.63 51.68 19.87 0.25 415
417 6 -45.7 51.61 19.95 0.25 416
418 6 -45.61 51.56 20.09 0.25 417
419 6 -45.59 51.65 20.14 0.25 418
420 6 -47.79 52.93 20.29 0.25 410
421 6 -47.4 52.95 20.37 0.25 420
422 6 -47.54 53.34 20.52 0.25 421
423 6 -47.75 53.43 20.61 0.25 422
424 6 -47.75 53.45 20.69 0.25 423
425 6 -47.75 53.43 20.77 0.25 424
426 6 -47.72 53.47 20.84 0.25 425
427 6 -47.72 53.4 20.92 0.25 426
428 6 -47.65 53.45 21.04 0.25 427
429 6 -47.63 53.5 21.14 0.25 428
430 6 -47.65 53.58 21.22 0.25 429
431 6 -47.61 53.61 21.37 0.25 430
432 6 -47.63 53.59 21.44 0.25 431
433 6 -47.61 53.68 21.61 0.25 432
434 6 -47.63 53.75 21.69 0.25 433
435 6 -47.7 53.74 21.79 0.25 434
436 6 -47.63 53.72 21.87 0.25 435
437 6 -47.4 53.65 21.95 0.25 436
438 6 -47.65 53.84 22.12 0.25 437
439 6 -47.56 53.99 22.19 0.25 438
440 6 -47.5 54.09 22.2 0.25 439
441 6 -47.38 54.38 22.29 0.25 440
442 6 -47.38 54.38 22.37 0.25 441
443 6 -47.4 54.38 22.52 0.25 442
444 6 -47.43 54.38 22.61 0.25 443
445 6 -47.06 55.06 22.39 0.25 444
446 6 -47.06 55.06 22.37 0.25 445
447 6 -47.02 55.04 22.29 0.25 446
448 6 -47.08 54.99 22.22 0.25 447
449 6 -47.25 55.15 22.44 0.25 445
450 6 -47.08 55.13 22.46 0.25 449
451 6 -47.04 55.15 22.54 0.25 450
452 6 -47.04 55.15 22.63 0.25 451
453 6 -44.7 57.75 22.71 0.25 452
454 6 -44.68 57.84 22.79 0.25 453
455 6 -44.7 57.95 22.87 0.25 454
456 6 -44.65 60.54 23.01 0.25 455
457 6 -44.65 60.63 23.09 0.25 456
458 6 -44.65 60.63 23.14 0.25 457
459 6 -44.65 60.63 23.22 0.25 458
460 6 -44.65 60.63 23.31 0.25 459
461 6 -44.65 60.63 23.39 0.25 460
462 6 -44.65 60.63 23.46 0.25 461
463 6 -44.63 60.75 23.54 0.25 462
464 6 -44.68 60.81 23.69 0.25 463
465 6 -44.7 60.7 23.79 0.25 464
466 6 -44.65 60.68 23.92 0.25 465
467 6 -44.65 60.77 24.14 0.25 466
468 6 -44.59 60.84 24.29 0.25 467
469 6 -44.59 60.84 24.37 0.25 468
470 6 -44.49 60.95 24.44 0.25 469
471 6 -44.47 61.09 24.52 0.25 470
472 6 -44.45 61.11 24.61 0.25 471
473 6 -44.4 61.15 24.69 0.25 472
474 6 -44.29 61.31 24.79 0.25 473
475 6 -44.27 61.36 24.87 0.25 474
476 6 -44.33 61.34 24.95 0.25 475
477 6 -44.29 61.4 25.04 0.25 476
478 6 -44.18 61.7 25.14 0.25 477
479 6 -44.06 61.77 25.22 0.25 478
480 6 -44.18 61.84 25.37 0.25 479
481 6 -44.18 61.88 25.46 0.25 480
482 6 -44.02 61.86 25.54 0.25 481
483 6 -44.02 61.86 25.63 0.25 482
484 6 -43.97 62 25.71 0.25 483
485 6 -43.97 62.08 25.84 0.25 484
486 6 -43.9 62.09 25.92 0.25 485
487 6 -43.88 62.15 26.01 0.25 486
488 6 -43.88 62.15 26.09 0.25 487
489 6 -43.77 62.27 26.2 0.25 488
490 6 -43.75 62.27 26.29 0.25 489
491 6 -43.61 62.45 26.39 0.25 490
492 6 -43.65 62.5 26.52 0.25 491
493 6 -43.65 62.52 26.61 0.25 492
494 6 -43.61 62.61 26.71 0.25 493
495 6 -43.65 62.68 26.79 0.25 494
496 6 -43.63 62.75 26.87 0.25 495
497 6 -43.47 62.9 27.01 0.25 496
498 6 -43.52 62.93 27.09 0.25 497
499 6 -43.43 63.11 27.2 0.25 498
500 6 -43.4 63.13 27.29 0.25 499
501 6 -43.4 63.18 27.37 0.25 500
502 6 -43.31 63.29 27.44 0.25 501
503 6 -43.24 63.34 27.63 0.25 502
504 6 -43.25 63.31 27.71 0.25 503
505 6 -43.09 63.45 27.79 0.25 504
506 6 -43.04 63.56 27.87 0.25 505
507 6 -42.88 63.56 27.95 0.25 506
508 6 -42.97 63.56 28.09 0.25 507
509 6 -42.93 63.75 28.14 0.25 508
510 6 -42.83 63.81 28.22 0.25 509
511 6 -42.9 63.9 28.31 0.25 510
512 6 -42.86 63.97 28.39 0.25 511
513 6 -42.38 64.01 28.77 0.25 512
514 6 -42.31 64.12 28.84 0.25 513
515 6 -41.97 64.8 29.12 0.25 514
516 6 -41.81 65.08 29.2 0.25 515
517 6 -41.59 65.16 29.31 0.25 516
518 6 -41.58 65.37 29.39 0.25 517
519 6 -41.4 65.5 29.46 0.25 518
520 6 -41.29 65.58 29.61 0.25 519
521 6 -41.2 65.65 29.69 0.25 520
522 6 -41.09 65.83 29.79 0.25 521
523 6 -41.09 65.83 29.87 0.25 522
524 6 -41 65.94 29.95 0.25 523
525 6 -40.95 66.01 30.04 0.25 524
526 6 -40.95 66.01 30.12 0.25 525
527 6 -40.68 65.94 30.37 0.25 526
528 6 -40.68 65.94 30.44 0.25 527
529 6 -40.5 65.94 30.54 0.25 528
530 6 -40.4 65.94 30.63 0.25 529
531 6 -40.29 66.12 30.77 0.25 530
532 6 -40.29 66.12 30.84 0.25 531
533 6 -40.31 66.19 30.95 0.25 532
534 6 -40.2 66.3 31.04 0.25 533
535 6 -40.06 66.44 31.2 0.25 534
536 6 -40.04 66.44 31.29 0.25 535
537 6 -39.9 66.51 31.39 0.25 536
538 6 -39.72 66.62 31.54 0.25 537
539 6 -39.77 66.76 31.63 0.25 538
540 6 -39.68 66.8 31.71 0.25 539
541 6 -39.43 66.93 31.84 0.25 540
542 6 -38.4 66.51 31.92 0.25 541
543 6 -38.09 66.08 32.04 0.25 542
544 6 -38 66.05 32.11 0.25 543
545 6 -38 66.05 32.2 0.25 544
546 6 -37.84 66.12 32.29 0.25 545
547 6 -37.68 66.19 32.4 0.25 546
548 6 -37.54 66.16 32.52 0.25 547
549 6 -37.33 66.08 32.61 0.25 548
550 6 -37.11 65.9 32.72 0.25 549
551 6 -37.02 65.83 32.79 0.25 550
552 6 -36.88 65.69 32.88 0.25 551
553 6 -36.79 65.69 32.97 0.25 552
554 6 -36.77 65.62 33.04 0.25 553
555 6 -36.68 65.62 33.24 0.25 554
556 6 -36.65 65.55 33.33 0.25 555
557 6 -36.54 65.44 33.4 0.25 556
558 6 -36.56 65.41 33.47 0.25 557
559 6 -36.52 65.37 33.56 0.25 558
560 6 -35.47 65.05 33.72 0.25 559
561 6 -35.38 65.05 33.84 0.25 560
562 6 -35.38 65.05 33.9 0.25 561
563 6 -35.22 64.87 34.11 0.25 562
564 6 -35.15 64.83 34.2 0.25 563
565 6 -34.95 64.73 34.29 0.25 564
566 6 -34.81 64.66 34.36 0.25 565
567 6 -34.81 64.66 34.4 0.25 566
568 6 -34.81 64.66 34.43 0.25 567
569 6 -34.77 64.54 34.52 0.25 568
570 6 -34.77 64.54 34.61 0.25 569
571 6 -34.77 64.58 34.72 0.25 570
572 6 -34.75 64.55 34.79 0.25 571
573 6 -34.75 64.55 34.88 0.25 572
574 6 -34.75 64.55 34.97 0.25 573
575 6 -34.65 64.54 35.04 0.25 574
576 6 -34.7 64.51 35.11 0.25 575
577 6 -34.75 64.55 35.2 0.25 576
578 6 -34.77 64.51 35.29 0.25 577
579 6 -33.56 63.31 35.36 0.25 578
580 6 -33.65 63.27 35.43 0.25 579
581 6 -33.65 63.27 35.52 0.25 580
582 6 -33.65 63.22 35.61 0.25 581
583 6 -33.61 63.15 35.68 0.25 582
584 6 -33.61 63.11 35.77 0.25 583
585 6 -33.61 63.11 35.84 0.25 584
586 6 -33.61 63.08 35.9 0.25 585
587 6 -33.68 63.11 36 0.25 586
588 6 -33.68 63.11 36.09 0.25 587
589 6 -33.7 63.06 36.15 0.25 588
590 6 -33.75 63.04 36.24 0.25 589
591 6 -33.72 62.97 36.33 0.25 590
592 6 -33.61 62.9 36.4 0.25 591
593 6 -33.63 62.9 36.47 0.25 592
594 6 -33.58 62.86 36.56 0.25 593
595 6 -33.63 62.81 36.65 0.25 594
596 6 -33.61 62.75 36.72 0.25 595
597 6 -33.59 62.72 36.79 0.25 596
598 6 -33.59 62.7 36.88 0.25 597
599 6 -33.59 62.7 36.97 0.25 598
600 6 -33.49 62.68 37.04 0.25 599
601 6 -33.49 62.68 37.11 0.25 600
602 6 -33.49 62.68 37.2 0.25 601
603 6 -33.52 62.7 37.36 0.25 602
604 6 -33.45 62.74 37.33 0.25 603
605 6 -34.06 62.77 37.4 0.25 604
606 6 -34.27 62.77 37.33 0.25 605
607 6 -34.31 62.86 37.15 0.25 606
608 6 -34.25 62.81 37.11 0.25 607
609 6 -33.4 62.7 37.4 0.25 603
610 6 -33.43 62.95 37.47 0.25 609
611 6 -33.45 62.97 37.56 0.25 610
612 6 -33.43 63 37.65 0.25 611
613 6 -33.36 63.13 37.72 0.25 612
614 6 -33.4 63.22 37.84 0.25 613
615 6 -33.47 63.22 37.9 0.25 614
616 6 -33.5 63.29 38 0.25 615
617 6 -33.49 63.38 38.09 0.25 616
618 6 -33.29 63.43 38.24 0.25 617
619 6 -33.15 63.49 38.33 0.25 618
620 6 -33.11 63.54 38.4 0.25 619
621 6 -33.06 63.56 38.56 0.25 620
622 6 -33.2 63.65 38.65 0.25 621
623 6 -33.2 63.65 38.72 0.25 622
624 6 -33.15 63.75 38.79 0.25 623
625 6 -33.2 63.79 38.88 0.25 624
626 6 -33.22 63.83 38.97 0.25 625
627 6 -33.25 63.7 39.04 0.25 626
628 6 -33.29 63.75 39.11 0.25 627
629 6 -33.29 63.75 39.2 0.25 628
630 6 -33.18 63.68 39.29 0.25 629
631 6 -33.13 63.75 39.36 0.25 630
632 6 -33.04 63.75 39.43 0.25 631
633 6 -33.04 63.75 39.52 0.25 632
634 6 -33 63.79 39.61 0.25 633
635 6 -33 63.75 39.68 0.25 634
636 6 -32.9 63.72 39.77 0.25 635
637 6 -32.9 63.72 39.84 0.25 636
638 6 -32.9 63.81 39.9 0.25 637
639 6 -32.88 63.81 40 0.25 638
640 6 -32.84 63.81 40.09 0.25 639
641 6 -32.84 63.84 40.15 0.25 640
642 6 -32.75 63.86 40.24 0.25 641
643 6 -32.68 63.86 40.33 0.25 642
644 6 -32.72 63.86 40.4 0.25 643
645 6 -32.65 63.99 40.47 0.25 644
646 6 -32.13 64.19 40.56 0.25 645
647 6 -32.06 64.25 40.65 0.25 646
648 6 -32.06 64.25 40.72 0.25 647
649 6 -31.95 64.3 40.79 0.25 648
650 6 -31.84 64.37 40.88 0.25 649
651 6 -31.79 64.41 40.97 0.25 650
652 6 -31.68 64.5 41 0.25 651
653 6 -31.68 64.5 41.04 0.25 652
654 6 -31.68 64.5 41.09 0.25 653
655 6 -31.67 64.48 41.15 0.25 654
656 6 -31.52 64.47 41.29 0.25 655
657 6 -31.45 64.48 41.36 0.25 656
658 6 -31.31 64.68 41.43 0.25 657
659 6 -31.29 64.73 41.52 0.25 658
660 6 -31.21 64.79 41.61 0.25 659
661 6 -31.12 64.94 41.68 0.25 660
662 6 -31.03 64.91 41.77 0.25 661
663 6 -30.97 64.93 41.84 0.25 662
664 6 -30.8 65.04 41.97 0.25 663
665 6 -30.6 65.08 42.04 0.25 664
666 6 -30.53 65.18 42.11 0.25 665
667 6 -30.53 65.19 42.2 0.25 666
668 6 -30.5 65.3 42.36 0.25 667
669 6 -30.3 65.41 42.56 0.25 668
670 6 -30.18 65.44 42.65 0.25 669
671 6 -30.12 65.44 42.72 0.25 670
672 6 -29.92 65.55 42.9 0.25 671
673 6 -29.92 65.54 43 0.25 672
674 6 -29.53 65.58 43.24 0.25 673
675 6 -29.53 65.58 43.33 0.25 674
676 6 -29.36 65.58 43.43 0.25 675
677 6 -29.27 65.58 43.52 0.25 676
678 6 -29.05 65.58 43.68 0.25 677
679 6 -29.12 65.62 43.77 0.25 678
680 6 -29.18 65.62 43.84 0.25 679
681 6 -29.05 65.68 43.9 0.25 680
682 6 -29 65.69 44.09 0.25 681
683 6 -28.86 65.69 44.15 0.25 682
684 6 -28.78 65.73 44.29 0.25 683
685 6 -28.78 65.73 44.36 0.25 684
686 6 -28.7 65.76 44.43 0.25 685
687 6 -28.56 65.73 44.52 0.25 686
688 6 -28.56 65.68 44.61 0.25 687
689 6 -28.54 65.66 44.68 0.25 688
690 6 -28.31 65.58 44.77 0.25 689
691 6 -28.34 65.73 44.84 0.25 690
692 6 -28.14 65.83 45 0.25 691
693 6 -28.06 65.8 45.09 0.25 692
694 6 -28.06 65.87 45.15 0.25 693
695 6 -27.95 65.83 45.24 0.25 694
696 6 -27.54 66.12 45.4 0.25 695
697 6 -27.38 66.08 45.52 0.25 696
698 6 -27.31 65.98 45.68 0.25 697
699 6 -27.37 66 45.77 0.25 698
700 6 -27.38 66.05 45.9 0.25 699
701 6 -27.36 65.97 46.11 0.25 700
702 6 -27.37 66 46.25 0.25 701
703 6 -27.43 66.04 46.33 0.25 702
704 6 -27.11 66.12 46.47 0.25 703
705 6 -27.04 66.16 46.56 0.25 704
706 6 -27.04 66.23 46.63 0.25 705
707 6 -26.89 66.3 46.72 0.25 706
708 6 -26.87 66.33 47 0.25 707
709 6 -26.92 66.36 47.08 0.25 708
710 6 -26.95 66.33 47.15 0.25 709
711 6 -26.94 66.3 47.25 0.25 710
712 6 -26.94 66.29 47.33 0.25 711
713 6 -26.95 66.26 47.4 0.25 712
714 6 -26.52 65.62 47.61 0.25 713
715 6 -26.45 65.66 47.68 0.25 714
716 6 -26.3 65.66 47.77 0.25 715
717 6 -26.2 65.66 47.84 0.25 716
718 6 -26.12 65.62 47.9 0.25 717
719 6 -26.12 65.55 48 0.25 718
720 6 -26.09 65.55 48.08 0.25 719
721 6 -26.01 65.66 48.15 0.25 720
722 6 -26 65.58 48.25 0.25 721
723 6 -25.95 63.93 48.33 0.25 722
724 6 -25.95 63.93 48.4 0.25 723
725 6 -25.92 63.9 48.47 0.25 724
726 6 -25.96 63.56 48.63 0.25 725
727 6 -25.93 63.56 48.68 0.25 726
728 6 -25.88 63.59 48.72 0.25 727
729 6 -25.7 63.54 48.81 0.25 728
730 6 -25.61 63.61 48.88 0.25 729
731 6 -25.56 63.63 48.97 0.25 730
732 6 -25.52 63.54 49.2 0.25 731
733 6 -25.39 63.56 49.27 0.25 732
734 6 -25.37 63.61 49.36 0.25 733
735 6 -25.35 63.65 49.45 0.25 734
736 6 -25.19 63.63 49.52 0.25 735
737 6 -25.01 63.7 49.61 0.25 736
738 6 -25.06 63.79 49.68 0.25 737
739 6 -25.03 63.75 49.77 0.25 738
740 6 -25.03 63.77 49.84 0.25 739
741 6 -25.12 63.77 49.97 0.25 740
742 6 -25.04 63.74 50.04 0.25 741
743 6 -24.94 63.52 50.11 0.25 742
744 6 -24.95 63.52 50.2 0.25 743
745 6 -24.97 63.4 50.27 0.25 744
746 6 -25 63.2 50.4 0.25 745
747 6 -24.88 63.13 50.47 0.25 746
748 6 -24.97 63.18 50.52 0.25 747
749 6 -24.95 63.15 50.56 0.25 748
750 6 -24.84 62.88 50.52 0.25 747
751 6 -24.79 62.84 50.56 0.25 750
752 6 -24.76 62.81 50.63 0.25 751
753 6 -24.75 62.74 50.72 0.25 752
754 6 -24.87 62.54 50.81 0.25 753
755 6 -24.64 62.45 50.88 0.25 754
756 6 -24.56 62.49 50.97 0.25 755
757 6 -24.64 62.49 51.04 0.25 756
758 6 -24.62 62.33 51.2 0.25 757
759 6 -24.6 62.2 51.27 0.25 758
760 6 -24.59 62.15 51.36 0.25 759
761 6 -24.52 62.04 51.45 0.25 760
762 6 -24.52 61.97 51.52 0.25 761
763 6 -24.54 61.9 51.61 0.25 762
764 6 -24.54 61.75 51.68 0.25 763
765 6 -24.51 61.77 51.77 0.25 764
766 6 -24.59 61.81 51.88 0.25 765
767 6 -24.56 61.93 51.97 0.25 766
768 6 -24.45 61.9 52.04 0.25 767
769 6 -24.45 62 52.11 0.25 768
770 6 -24.5 62.18 52.2 0.25 769
771 6 -24.54 62.15 52.27 0.25 770
772 6 -24.44 62.11 52.45 0.25 771
773 6 -24.37 62.18 52.52 0.25 772
774 6 -24.36 62.13 52.61 0.25 773
775 6 -24.3 62.09 52.68 0.25 774
776 6 -24.34 62.13 52.72 0.25 775
777 6 -24.36 62.06 52.77 0.25 776
778 6 -24.29 62.04 52.81 0.25 777
779 6 -24.27 62.08 52.88 0.25 778
780 6 -24.21 62.13 52.97 0.25 779
781 6 -24.21 62.13 53.04 0.25 780
782 6 -24.17 62.02 53.11 0.25 781
783 6 -24.1 62 53.2 0.25 782
784 6 -24.1 62.04 53.27 0.25 783
785 6 -23.92 62.54 53.63 0.25 784
786 6 -23.89 62.59 53.52 0.25 785
787 6 -23.89 62.7 53.45 0.25 786
788 6 -23.95 62.84 53.4 0.25 787
789 6 -23.94 62.97 53.36 0.25 788
790 6 -24.12 63.29 53.25 0.25 789
791 6 -24.2 63.38 53.15 0.25 790
792 6 -24.26 63.56 53.08 0.25 791
793 6 -24.2 63.59 53 0.25 792
794 6 -24.2 63.61 52.97 0.25 793
795 6 -23.89 62.88 53.25 0.25 788
796 6 -23.92 62.93 53.15 0.25 795
797 6 -23.78 63.04 53.11 0.25 796
798 6 -23.92 62.54 53.68 0.25 785
799 6 -23.89 62.54 53.72 0.25 798
800 6 -23.71 62.47 53.84 0.25 799
801 6 -23.72 62.4 53.9 0.25 800
802 6 -23.7 62.38 53.97 0.25 801
803 6 -23.11 61.88 54.04 0.25 802
804 6 -23.13 61.9 53.97 0.25 803
805 6 -23.11 61.86 53.9 0.25 804
806 6 -23.7 62.47 54 0.25 802
807 6 -23.75 62.54 54.2 0.25 806
808 6 -23.72 62.58 54.27 0.25 807
809 6 -23.6 62.59 54.4 0.25 808
810 6 -23.52 62.56 54.47 0.25 809
811 6 -23.52 62.56 54.56 0.25 810
812 6 -23.52 62.65 54.68 0.25 811
813 6 -23.85 62.58 54.84 0.25 812
814 6 -23.87 62.52 54.88 0.25 813
815 6 -23.96 62.47 55.04 0.25 814
816 6 -24.18 62.79 55.04 0.25 815
817 6 -24.1 62.97 55.11 0.25 816
818 6 -24.02 63.11 55.2 0.25 817
819 6 -23.97 62.47 55.11 0.25 815
820 6 -23.89 62.58 55.2 0.25 819
821 6 -23.87 62.49 55.33 0.25 820
822 6 -23.76 62.36 55.4 0.25 821
823 6 -23.77 62.4 55.47 0.25 822
824 6 -23.77 62.45 55.56 0.25 823
825 6 -23.76 62.54 55.63 0.25 824
826 6 -23.71 62.54 55.72 0.25 825
827 6 -23.7 62.58 55.9 0.25 826
828 6 -23.79 62.47 55.88 0.25 827
829 6 -23.85 62.4 55.84 0.25 828
830 6 -23.79 62.36 55.81 0.25 829
831 6 -23.12 61.79 56 0.25 827
832 6 -23.03 61.74 56.04 0.25 831
833 6 -22.95 61.72 56.11 0.25 832
834 6 -22.79 61.65 56.2 0.25 833
835 6 -22.85 61.59 56.27 0.25 834
836 6 -22.84 61.61 56.36 0.25 835
837 6 -22.87 61.63 56.45 0.25 836
838 6 -22.88 61.86 56.52 0.25 837
839 6 -23.01 61.97 56.56 0.25 838
840 6 -23.05 61.97 56.61 0.25 839
841 6 -23.14 61.97 56.63 0.25 840
842 6 -23.18 61.95 56.68 0.25 841
843 6 -23.96 62.09 56.63 0.25 842
844 6 -24.1 62.11 56.56 0.25 843
845 6 -24.1 62.15 56.52 0.25 844
846 6 -23.12 61.95 56.77 0.25 842
847 6 -23.12 61.88 56.84 0.25 846
848 6 -23.25 61.47 57.04 0.25 847
849 6 -23.21 61.47 57.11 0.25 848
850 6 -23.25 61.49 57.2 0.25 849
851 6 -22.3 61.45 57.36 0.25 850
852 6 -22.37 61.36 57.45 0.25 851
853 6 -22.31 61.43 57.52 0.25 852
854 6 -22.02 61.63 57.63 0.25 853
855 6 -21.97 61.63 57.72 0.25 854
856 6 -21.97 61.63 57.81 0.25 855
857 6 -21.89 61.86 57.88 0.25 856
858 6 -21.93 61.97 57.97 0.25 857
859 6 -21.95 62.06 58.04 0.25 858
860 6 -21.86 62.15 58.2 0.25 859
861 6 -21.89 62.15 58.27 0.25 860
862 6 -21.89 62.18 58.36 0.25 861
863 6 -21.87 62.29 58.45 0.25 862
864 6 -21.79 62.4 58.52 0.25 863
865 6 -21.84 62.4 58.68 0.25 864
866 6 -21.85 62.45 58.77 0.25 865
867 6 -21.77 62.58 58.88 0.25 866
868 6 -21.78 62.54 58.97 0.25 867
869 6 -21.76 62.59 59.04 0.25 868
870 6 -21.72 62.63 59.08 0.25 869
871 6 -21.77 62.58 59.11 0.25 870
872 6 -21.75 62.68 59.2 0.25 871
873 6 -21.76 62.68 59.27 0.25 872
874 6 -21.76 62.68 59.36 0.25 873
875 6 -22.04 62.74 59.08 0.25 874
876 6 -22.04 62.97 59 0.25 875
877 6 -22.04 62.99 58.9 0.25 876
878 6 -22.04 63.04 58.88 0.25 877
879 6 -21.7 62.61 59.47 0.25 874
880 6 -21.68 62.74 59.61 0.25 879
881 6 -21.63 62.81 59.84 0.25 880
882 6 -21.61 62.81 60.04 0.25 881
883 6 -21.62 62.81 60.11 0.25 882
884 6 -21.34 62.86 60.27 0.25 883
885 6 -21.37 62.86 60.36 0.25 884
886 6 -21.36 62.86 60.45 0.25 885
887 6 -21.37 62.83 60.52 0.25 886
888 6 -21.29 62.86 60.61 0.25 887
889 6 -21.12 63.04 60.68 0.25 888
890 6 -21.1 63.13 60.84 0.25 889
891 6 -21.14 63.02 61 0.25 890
892 6 -21.04 63.06 61.08 0.25 891
893 6 -20.81 63.13 61.2 0.25 892
894 6 -20.88 63.11 61.27 0.25 893
895 6 -20.67 63.27 61.36 0.25 894
896 6 -20.53 63.13 61.45 0.25 895
897 6 -20.7 63.02 61.61 0.25 896
898 6 -20.75 62.97 61.68 0.25 897
899 6 -20.7 63.02 61.77 0.25 898
900 6 -20.69 62.97 61.9 0.25 899
901 6 -20.62 62.95 62 0.25 900
902 6 -20.84 63 62.2 0.25 901
903 6 -21.04 62.97 62.25 0.25 902
904 6 -21.17 62.9 62.27 0.25 903
905 6 -21.26 62.81 62.36 0.25 904
906 6 -21.39 62.81 62.43 0.25 905
907 6 -21.35 62.63 62.54 0.25 906
908 6 -21.32 62.56 62.63 0.25 907
909 6 -21.15 62.75 62.7 0.25 908
910 6 -21.1 62.66 62.79 0.25 909
911 6 -21.11 62.63 62.86 0.25 910
912 6 -21.12 62.56 62.95 0.25 911
913 6 -21.07 62.58 63.02 0.25 912
914 6 -21.07 62.52 63.09 0.25 913
915 6 -21 62.49 63.34 0.25 914
916 6 -21.28 62.79 63.63 0.25 915
917 6 -21.29 62.84 63.72 0.25 916
918 6 -21.27 62.86 63.84 0.25 917
919 6 -21.45 62.9 64.12 0.25 918
920 6 -21.37 62.93 64.33 0.25 919
921 6 -21.29 63 64.41 0.25 920
922 6 -21.3 63.15 64.55 0.25 921
923 6 -21.25 63.31 64.8 0.25 922
924 6 -21.06 63.4 64.97 0.25 923
925 6 -21.04 63.47 65.05 0.25 924
926 6 -20.89 63.4 65.12 0.25 925
927 6 -20.85 63.4 65.19 0.25 926
928 6 -20.77 63.45 65.26 0.25 927
929 6 -20.7 63.47 65.36 0.25 928
930 6 -20.6 63.45 65.44 0.25 929
931 6 -20.62 63.43 65.51 0.25 930
932 6 -20.68 63.31 65.62 0.25 931
933 6 -20.29 63.33 65.69 0.25 932
934 6 -20.2 63.27 65.76 0.25 933
935 6 -20.09 63.24 65.83 0.25 934
936 6 -20.05 63.18 65.91 0.25 935
937 6 -19.95 63.09 66.05 0.25 936
938 6 -20 63.09 66.12 0.25 937
939 6 -19.97 63.11 66.19 0.25 938
940 6 -19.97 63.09 66.26 0.25 939
941 6 -19.97 63.15 66.36 0.25 940
942 6 -20.12 63.13 66.44 0.25 941
943 6 -19.87 63.18 66.51 0.25 942
944 6 -19.88 63.22 66.61 0.25 943
945 6 -19.92 63.38 66.69 0.25 944
946 6 -19.87 63.45 66.76 0.25 945
947 6 -19.87 63.54 66.83 0.25 946
948 6 -19.95 63.75 66.97 0.25 947
949 6 -20.02 63.77 67.08 0.25 948
950 6 -20.04 63.86 67.12 0.25 949
951 6 -20.04 63.84 67.19 0.25 950
952 6 -20.19 64.16 67.26 0.25 951
953 6 -20.34 64.16 67.08 0.25 952
954 6 -20.44 64.23 66.97 0.25 953
955 6 -20.28 64.25 67.36 0.25 952
956 6 -20.35 64.19 67.48 0.25 955
957 6 -20.29 64.26 67.55 0.25 956
958 6 -20.29 64.26 67.62 0.25 957
959 6 -20.34 64.26 67.72 0.25 958
960 6 -20.29 64.29 67.8 0.25 959
961 6 -20.28 64.18 67.91 0.25 960
962 6 -20.29 64.11 68.08 0.25 961
963 6 -20.31 64.08 68.16 0.25 962
964 6 -20.29 63.99 68.25 0.25 963
965 6 -20.31 63.93 68.36 0.25 964
966 6 -20.3 63.9 68.44 0.25 965
967 6 -20.34 63.9 68.51 0.25 966
968 6 -20.29 63.84 68.62 0.25 967
969 6 -20.45 63.9 68.69 0.25 968
970 6 -20.36 64.01 68.76 0.25 969
971 6 -20.52 64.12 68.87 0.25 970
972 6 -20.5 64.16 69 0.25 971
973 6 -20.45 64.12 69.08 0.25 972
974 6 -20.29 64.25 69.12 0.25 973
975 6 -20.3 64.26 69.16 0.25 974
976 6 -20.37 64.08 69.26 0.25 973
977 6 -20.3 64.11 69.33 0.25 976
978 6 -20.37 64.01 69.41 0.25 977
979 6 -20.54 64 69.55 0.25 978
980 6 -20.35 64.01 69.62 0.25 979
981 6 -20.37 64.01 69.72 0.25 980
982 6 -20.29 64.01 69.8 0.25 981
983 6 -20.34 64.01 69.87 0.25 982
984 6 -20.3 64.3 69.97 0.25 983
985 6 -20.35 64.26 70.05 0.25 984
986 6 -20.63 64.16 70.19 0.25 985
987 6 -20.52 64.16 70.36 0.25 986
988 6 -20.52 64.05 70.48 0.25 987
989 6 -20.55 63.95 70.61 0.25 988
990 6 -21.14 63.72 70.83 0.25 989
991 6 -21.12 63.61 71.08 0.25 990
992 6 -21.12 63.63 71.05 0.25 991
993 6 -21.1 63.65 71 0.25 992
994 6 -21.25 63.63 71.19 0.25 991
995 6 -21.36 63.65 71.25 0.25 994
996 6 -21.44 63.59 71.33 0.25 995
997 6 -21.45 63.58 71.41 0.25 996
998 6 -21.42 63.4 71.48 0.25 997
999 6 -21.42 63.36 71.55 0.25 998
1000 6 -21.47 63.36 71.62 0.25 999
1001 6 -21.46 63.33 71.72 0.25 1000
1002 6 -21.51 63.31 71.8 0.25 1001
1003 6 -21.51 63.31 71.87 0.25 1002
1004 6 -21.51 63.31 71.97 0.25 1003
1005 6 -21.45 63.36 72.12 0.25 1004
1006 6 -21.63 63.54 72.51 0.25 1005
1007 6 -21.63 63.5 72.61 0.25 1006
1008 6 -21.7 63.47 72.69 0.25 1007
1009 6 -21.72 63.43 72.76 0.25 1008
1010 6 -21.71 63.45 72.83 0.25 1009
1011 6 -21.7 63.45 72.91 0.25 1010
1012 6 -21.68 63.43 73 0.25 1011
1013 6 -21.71 63.47 73.08 0.25 1012
1014 6 -21.78 63.45 73.16 0.25 1013
1015 6 -21.79 63.43 73.25 0.25 1014
1016 6 -21.86 63.38 73.33 0.25 1015
1017 6 -21.84 63.36 73.41 0.25 1016
1018 6 -21.79 63.29 73.51 0.25 1017
1019 6 -21.87 63.25 73.61 0.25 1018
1020 6 -21.8 63.2 73.69 0.25 1019
1021 6 -21.79 63.09 73.8 0.25 1020
1022 6 -21.77 62.79 73.87 0.25 1021
1023 6 -21.71 62.68 73.97 0.25 1022
1024 6 -21.7 62.65 74.05 0.25 1023
1025 6 -21.68 62.58 74.12 0.25 1024
1026 6 -21.71 62.52 74.19 0.25 1025
1027 6 -21.71 62.52 74.25 0.25 1026
1028 6 -21.77 62.49 74.33 0.25 1027
1029 6 -21.88 62.34 74.41 0.25 1028
1030 6 -21.97 62.27 74.48 0.25 1029
1031 6 -21.87 62.29 74.55 0.25 1030
1032 6 -21.87 62.27 74.62 0.25 1031
1033 6 -21.87 62.27 74.72 0.25 1032
1034 6 -21.87 62.27 74.8 0.25 1033
1035 6 -21.87 62.27 74.87 0.25 1034
1036 6 -21.46 62.45 74.97 0.25 1035
1037 6 -21.22 62.65 74.8 0.25 1036
1038 6 -21.2 62.77 74.72 0.25 1037
1039 6 -21.2 63.02 74.62 0.25 1038
1040 6 -21.18 63.13 74.55 0.25 1039
1041 6 -21.12 63.27 74.48 0.25 1040
1042 6 -21.13 63.34 74.44 0.25 1041
1043 6 -21.12 62.61 74.62 0.25 1037
1044 6 -21.06 62.61 74.55 0.25 1043
1045 6 -21.04 62.65 74.48 0.25 1044
1046 6 -21.04 62.54 74.41 0.25 1045
1047 6 -21.02 62.54 74.33 0.25 1046
1048 6 -21 62.56 74.25 0.25 1047
1049 6 -21.11 62.61 74.12 0.25 1048
1050 6 -21.2 62.58 74.08 0.25 1049
1051 6 -21.2 62.56 74.05 0.25 1050
1052 6 -21.46 62.45 75.05 0.25 1036
1053 6 -21.29 62.47 75.12 0.25 1052
1054 6 -21.29 62.47 75.19 0.25 1053
1055 6 -21.18 62.47 75.33 0.25 1054
1056 6 -21.12 62.49 75.41 0.25 1055
1057 6 -21.1 62.52 75.48 0.25 1056
1058 6 -21.09 62.58 75.55 0.25 1057
1059 6 -21.05 62.59 75.62 0.25 1058
1060 6 -21.2 62.65 75.72 0.25 1059
1061 6 -21.2 62.65 75.8 0.25 1060
1062 6 -21.2 62.65 75.87 0.25 1061
1063 6 -21.18 62.68 75.97 0.25 1062
1064 6 -21.18 62.68 76.05 0.25 1063
1065 6 -21.09 62.7 76.12 0.25 1064
1066 6 -21.06 62.77 76.19 0.25 1065
1067 6 -20.96 62.83 76.26 0.25 1066
1068 6 -21 62.86 76.33 0.25 1067
1069 6 -21.06 62.86 76.36 0.25 1068
1070 6 -21.22 62.9 76.48 0.25 1069
1071 6 -21.29 62.9 76.55 0.25 1070
1072 6 -21.39 62.9 76.69 0.25 1071
1073 6 -21.38 62.93 76.76 0.25 1072
1074 6 -21.44 63.02 76.83 0.25 1073
1075 6 -21.37 63.04 76.97 0.25 1074
1076 6 -21.42 63.06 77.05 0.25 1075
1077 6 -21.44 63.13 77.16 0.25 1076
1078 6 -21.45 63.13 77.25 0.25 1077
1079 6 -21.45 63.15 77.33 0.25 1078
1080 6 -21.51 63.22 77.41 0.25 1079
1081 6 -21.53 63.2 77.48 0.25 1080
1082 6 -21.37 63.2 77.55 0.25 1081
1083 6 -21.45 63.09 77.62 0.25 1082
1084 6 -21.39 63.09 77.72 0.25 1083
1085 6 -21.44 63.11 77.8 0.25 1084
1086 6 -21.39 63.15 77.87 0.25 1085
1087 6 -21.39 63.2 77.97 0.25 1086
1088 6 -21.39 63.11 78.05 0.25 1087
1089 6 -21.39 63.11 78.12 0.25 1088
1090 6 -21.38 63.09 78.25 0.25 1089
1091 6 -21.37 63.09 78.36 0.25 1090
1092 6 -21.35 63.15 78.44 0.25 1091
1093 6 -21.25 63.18 78.51 0.25 1092
1094 6 -21.34 63.22 78.62 0.25 1093
1095 6 -21.29 63.22 78.72 0.25 1094
1096 6 -21.29 63.22 78.83 0.25 1095
1097 6 -21.22 63.13 78.91 0.25 1096
1098 6 -21.26 63.15 79.05 0.25 1097
1099 6 -21.19 63.2 79.12 0.25 1098
1100 6 -21.12 63.25 79.19 0.25 1099
1101 6 -20.95 63.31 79.33 0.25 1100
1102 6 -20.86 63.4 79.41 0.25 1101
1103 6 -20.71 63.5 79.48 0.25 1102
1104 6 -20.79 63.54 79.62 0.25 1103
1105 6 -20.63 63.58 79.83 0.25 1104
1106 6 -20.61 63.59 79.91 0.25 1105
1107 6 -20.64 63.65 80 0.25 1106
1108 6 -20.62 63.68 80.08 0.25 1107
1109 6 -20.67 63.65 80.16 0.25 1108
1110 6 -20.71 63.63 80.25 0.25 1109
1111 6 -20.71 63.65 80.33 0.25 1110
1112 6 -20.76 63.63 80.41 0.25 1111
1113 6 -20.71 63.72 80.48 0.25 1112
1114 6 -20.71 63.68 80.55 0.25 1113
1115 6 -20.7 63.7 80.62 0.25 1114
1116 6 -20.77 63.75 80.72 0.25 1115
1117 6 -20.76 63.75 80.8 0.25 1116
1118 6 -20.79 63.77 80.87 0.25 1117
1119 6 -20.79 63.84 80.97 0.25 1118
1120 6 -20.87 63.93 81.16 0.25 1119
1121 6 -20.85 63.97 81.26 0.25 1120
1122 6 -20.87 64.05 81.36 0.25 1121
1123 6 -20.79 64.26 81.48 0.25 1122
1124 6 -20.87 64.19 81.55 0.25 1123
1125 6 -21.04 64.26 81.72 0.25 1124
1126 6 -20.95 64.26 81.69 0.25 1125
1127 6 -21.09 64.23 81.76 0.25 1125
1128 6 -21.09 64.23 81.8 0.25 1127
1129 6 -21.13 64.29 81.87 0.25 1128
1130 6 -21.29 64.36 82.08 0.25 1129
1131 6 -21.3 64.37 82.11 0.25 1130
1132 6 -21.34 64.37 82.11 0.25 1131
1133 6 -21.36 64.37 82.12 0.25 1132
1134 6 -20.94 64.47 82.05 0.25 1131
1135 6 -20.95 64.51 82 0.25 1134
1136 6 -20.95 64.54 81.97 0.25 1135
1137 6 -20.97 64.55 81.87 0.25 1136
1138 6 -21.36 64.44 81.8 0.25 1137
1139 6 -21.39 64.5 81.72 0.25 1138
1140 6 -21.38 64.44 81.61 0.25 1139
1141 6 -21.39 64.36 81.51 0.25 1140
1142 6 -21.37 64.37 81.44 0.25 1141
1143 6 -21.38 64.33 81.36 0.25 1142
1144 6 -21.37 64.25 81.26 0.25 1143
1145 6 -21.39 64.26 81.19 0.25 1144
1146 6 -21.36 64.3 81.12 0.25 1145
1147 6 -21.44 64.3 81 0.25 1146
1148 6 -21.45 64.26 80.91 0.25 1147
1149 6 -21.47 64.3 80.83 0.25 1148
1150 6 -21.47 64.41 80.8 0.25 1149
1151 6 -21.46 64.68 82.33 0.25 1134
1152 6 -21.45 64.68 82.36 0.25 1151
1153 6 -21.44 64.68 82.41 0.25 1152
1154 6 -21.47 64.69 82.48 0.25 1153
1155 6 -21.39 64.62 82.55 0.25 1154
1156 6 -21.39 64.62 82.62 0.25 1155
1157 6 -21.46 64.54 82.72 0.25 1156
1158 6 -21.5 64.51 82.8 0.25 1157
1159 6 -21.59 64.55 82.87 0.25 1158
1160 6 -21.75 64.47 82.97 0.25 1159
1161 6 -21.69 64.44 83.05 0.25 1160
1162 6 -21.7 64.51 83.12 0.25 1161
1163 6 -21.79 64.61 83.19 0.25 1162
1164 6 -21.87 64.66 83.26 0.25 1163
1165 6 -21.95 64.69 83.36 0.25 1164
1166 6 -22.01 64.68 83.44 0.25 1165
1167 6 -22.1 64.66 83.55 0.25 1166
1168 6 -22.11 64.66 83.69 0.25 1167
1169 6 -22.18 64.73 83.76 0.25 1168
1170 6 -22.21 64.73 83.83 0.25 1169
1171 6 -22.34 64.66 83.91 0.25 1170
1172 6 -22.37 64.66 84 0.25 1171
1173 6 -22.42 64.62 84.08 0.25 1172
1174 6 -22.44 64.65 84.16 0.25 1173
1175 6 -22.46 64.62 84.25 0.25 1174
1176 6 -22.47 64.62 84.33 0.25 1175
1177 6 -22.46 64.51 84.41 0.25 1176
1178 6 -22.46 64.44 84.44 0.25 1177
1179 6 -22.54 64.5 84.48 0.25 1178
1180 6 -22.54 64.55 84.55 0.25 1179
1181 6 -22.54 64.55 84.62 0.25 1180
1182 6 -22.68 64.55 84.72 0.25 1181
1183 6 -22.67 64.62 84.8 0.25 1182
1184 6 -22.7 64.66 84.87 0.25 1183
1185 6 -22.76 64.76 85.05 0.25 1184
1186 6 -22.7 64.83 85.12 0.25 1185
1187 6 -22.84 64.9 85.19 0.25 1186
1188 6 -22.85 64.97 85.26 0.25 1187
1189 6 -22.95 64.98 85.36 0.25 1188
1190 6 -22.95 65.05 85.41 0.25 1189
1191 6 -23.01 65.25 85.48 0.25 1190
1192 6 -23.01 65.26 85.51 0.25 1191
1193 6 -23.04 65.3 85.55 0.25 1192
1194 6 -23.12 65.43 85.62 0.25 1193
1195 6 -23.17 65.48 85.72 0.25 1194
1196 6 -23.19 65.51 85.8 0.25 1195
1197 6 -23.2 65.61 86 0.25 1196
1198 6 -23.22 65.66 86.08 0.25 1197
1199 6 -23.28 65.68 86.16 0.25 1198
1200 6 -23.3 65.73 86.25 0.25 1199
1201 6 -23.31 65.79 86.33 0.25 1200
1202 6 -23.31 65.8 86.41 0.25 1201
1203 6 -23.31 65.8 86.48 0.25 1202
1204 6 -23.31 65.8 86.55 0.25 1203
1205 6 -23.31 65.8 86.62 0.25 1204
1206 6 -23.31 65.8 86.72 0.25 1205
1207 6 -23.37 65.76 86.8 0.25 1206
1208 6 -23.37 65.76 86.87 0.25 1207
1209 6 -23.44 65.69 86.97 0.25 1208
1210 6 -23.44 65.76 87.05 0.25 1209
1211 6 -23.43 65.68 87.16 0.25 1210
1212 6 -23.45 65.68 87.25 0.25 1211
1213 6 -23.44 65.68 87.33 0.25 1212
1214 6 -23.45 65.66 87.41 0.25 1213
1215 6 -23.45 65.72 87.48 0.25 1214
1216 6 -23.56 65.75 87.61 0.25 1215
1217 6 -23.5 65.8 87.69 0.25 1216
1218 6 -23.54 65.8 87.76 0.25 1217
1219 6 -23.59 65.93 87.87 0.25 1218
1220 6 -23.61 65.91 87.97 0.25 1219
1221 6 -23.68 65.94 88.05 0.25 1220
1222 6 -23.7 65.93 88.12 0.25 1221
1223 6 -23.71 65.94 88.19 0.25 1222
1224 6 -23.79 66.01 88.26 0.25 1223
1225 6 -23.79 66.04 88.36 0.25 1224
1226 6 -23.81 66.11 88.44 0.25 1225
1227 6 -23.85 66.18 88.51 0.25 1226
1228 6 -23.87 66.23 88.61 0.25 1227
1229 6 -23.89 66.3 88.69 0.25 1228
1230 6 -23.87 66.37 88.76 0.25 1229
1231 6 -23.87 66.44 88.83 0.25 1230
1232 6 -23.96 66.55 88.91 0.25 1231
1233 6 -23.97 66.55 89 0.25 1232
1234 6 -24.01 66.65 89.08 0.25 1233
1235 6 -24.01 66.76 89.16 0.25 1234
1236 6 -23.96 66.8 89.25 0.25 1235
1237 6 -24.04 66.87 89.33 0.25 1236
1238 6 -24.03 66.98 89.41 0.25 1237
1239 6 -23.97 67.04 89.48 0.25 1238
1240 6 -23.95 67.19 89.55 0.25 1239
1241 6 -23.96 67.48 89.69 0.25 1240
1242 6 -23.79 67.68 89.76 0.25 1241
1243 6 -23.79 67.69 89.83 0.25 1242
1244 6 -23.78 67.98 89.97 0.25 1243
1245 6 -23.78 68.08 90.08 0.25 1244
1246 6 -23.7 68.11 90.16 0.25 1245
1247 6 -23.78 68.12 90.25 0.25 1246
1248 6 -23.76 68.19 90.33 0.25 1247
1249 6 -23.78 68.22 90.41 0.25 1248
1250 6 -23.76 68.26 90.51 0.25 1249
1251 6 -23.76 68.44 90.61 0.25 1250
1252 6 -23.72 68.51 90.69 0.25 1251
1253 6 -23.72 68.58 90.76 0.25 1252
1254 6 -23.71 68.62 90.83 0.25 1253
1255 6 -23.79 68.66 90.91 0.25 1254
1256 6 -23.7 68.62 91 0.25 1255
1257 6 -23.6 68.58 91.08 0.25 1256
1258 6 -23.55 68.68 91.16 0.25 1257
1259 6 -23.62 68.66 91.25 0.25 1258
1260 6 -23.63 68.76 91.33 0.25 1259
1261 6 -23.63 68.83 91.41 0.25 1260
1262 6 -23.62 68.87 91.48 0.25 1261
1263 6 -23.62 68.93 91.55 0.25 1262
1264 6 -23.61 68.87 91.62 0.25 1263
1265 6 -23.61 68.97 91.72 0.25 1264
1266 6 -23.63 68.94 91.8 0.25 1265
1267 6 -23.62 69.01 91.87 0.25 1266
1268 6 -23.59 68.97 91.97 0.25 1267
1269 6 -23.79 68.98 92.08 0.25 1268
1270 6 -23.78 68.94 92.16 0.25 1269
1271 6 -23.78 68.94 92.25 0.25 1270
1272 6 -23.87 68.86 92.33 0.25 1271
1273 6 -23.88 68.8 92.48 0.25 1272
1274 6 -23.87 68.8 92.55 0.25 1273
1275 6 -24.09 68.83 92.69 0.25 1274
1276 6 -24.04 68.87 92.76 0.25 1275
1277 6 -24.12 68.87 92.83 0.25 1276
1278 6 -24.1 68.83 92.91 0.25 1277
1279 6 -24.11 68.87 93 0.25 1278
1280 6 -24.13 68.76 93.08 0.25 1279
1281 6 -24.18 68.69 93.16 0.25 1280
1282 6 -24.25 68.73 93.25 0.25 1281
1283 6 -24.29 68.76 93.33 0.25 1282
1284 6 -24.42 68.76 93.41 0.25 1283
1285 6 -24.52 68.79 93.48 0.25 1284
1286 6 -24.62 68.73 93.55 0.25 1285
1287 6 -24.62 68.72 93.62 0.25 1286
1288 6 -24.84 68.55 93.76 0.25 1287
1289 6 -22.37 65.22 85.25 0.25 1191
1290 6 -22.37 65.19 85.26 0.25 1289
1291 6 -22.44 65.18 85.36 0.25 1290
1292 6 -22.47 65.25 85.44 0.25 1291
1293 6 -22.87 64.87 85.48 0.25 1189
1294 6 -22.95 64.86 85.51 0.25 1293
1295 6 -22.87 64.86 85.62 0.25 1294
1296 6 -22.89 64.86 85.72 0.25 1295
1297 6 -22.89 64.91 85.8 0.25 1296
1298 6 -23.04 64.98 85.83 0.25 1297
1299 6 -22.7 64 84.41 0.25 1178
1300 6 -22.79 63.95 84.33 0.25 1299
1301 6 -22.79 63.9 84.25 0.25 1300
1302 6 -22.79 63.83 84.16 0.25 1301
1303 6 -23.01 63.65 84.08 0.25 1302
1304 6 -23.04 63.63 84.05 0.25 1303
1305 6 -21.43 64.72 82.25 0.25 1151
1306 6 -21.42 64.72 82.16 0.25 1305
1307 6 -21.42 64.83 82.05 0.25 1306
1308 6 -21.42 64.83 81.91 0.25 1307
1309 6 -20.7 62.65 76.26 0.25 1067
1310 6 -20.68 62.65 76.33 0.25 1309
1311 6 -20.67 62.54 76.44 0.25 1310
1312 6 -20.75 62.52 76.51 0.25 1311
1313 6 -20.79 62.54 76.61 0.25 1312
1314 6 -21.45 63.29 72.19 0.25 1005
1315 6 -21.44 63.18 72.26 0.25 1314
1316 6 -21.42 63.15 72.36 0.25 1315
1317 6 -21.38 63.2 72.44 0.25 1316
1318 6 -20.29 63.61 68.83 0.25 968
1319 6 -20.29 63.59 68.87 0.25 1318
1320 6 -20.21 63.54 69 0.25 1319
1321 6 -20.2 63.5 69.08 0.25 1320
1322 6 -20.13 63.52 68.76 0.25 1318
1323 6 -19.77 63.52 68.72 0.25 1322
1324 6 -21.07 62.34 63.43 0.25 915
1325 6 -21.15 62.29 63.52 0.25 1324
1326 6 -21.21 62.27 63.59 0.25 1325
1327 6 -21.19 62.27 63.65 0.25 1326
1328 6 -23.12 62.31 56.61 0.25 840
1329 6 -23 62.52 56.68 0.25 1328
1330 6 -22.95 62.56 56.77 0.25 1329
1331 6 -22.87 62.11 56.45 0.25 839
1332 6 -22.88 62.15 56.4 0.25 1331
1333 6 -22.79 62.2 56.36 0.25 1332
1334 6 -22.67 62.27 56.27 0.25 1333
1335 6 -22.59 62.34 56.2 0.25 1334
1336 6 -22.62 62.4 56.11 0.25 1335
1337 6 -24.64 61.29 52.72 0.25 776
1338 6 -24.59 61.18 52.81 0.25 1337
1339 6 -24.56 60.86 52.88 0.25 1338
1340 6 -24.43 60.11 52.9 0.25 1339
1341 6 -24.46 60.13 52.97 0.25 1340
1342 6 -24.5 60.09 53 0.25 1341
1343 6 -24.45 60.09 52.84 0.25 1340
1344 6 -24.38 60.11 52.77 0.25 1343
1345 6 -26.18 63.29 48.68 0.25 727
1346 6 -26.39 63.13 48.77 0.25 1345
1347 6 -26.44 63.15 48.88 0.25 1346
1348 6 -26.45 63.15 48.97 0.25 1347
1349 6 -26.54 62.81 49.11 0.25 1348
1350 6 -26.7 62.84 49.27 0.25 1349
1351 6 -26.76 62.84 49.36 0.25 1350
1352 6 -26.78 62.83 49.45 0.25 1351
1353 6 -26.67 62.79 49.52 0.25 1352
1354 6 -27.54 66.12 45.33 0.25 696
1355 6 -27.54 66.12 45.29 0.25 1354
1356 6 -27.55 66.15 45.24 0.25 1355
1357 6 -27.54 66.23 45.15 0.25 1356
1358 6 -27.54 66.26 44.9 0.25 1357
1359 6 -27.61 66.41 44.77 0.25 1358
1360 6 -27.7 66.51 44.68 0.25 1359
1361 6 -27.77 66.58 44.61 0.25 1360
1362 6 -27.7 66.69 44.52 0.25 1361
1363 6 -27.7 66.73 44.43 0.25 1362
1364 6 -27.76 66.79 44.36 0.25 1363
1365 6 -27.7 66.83 44.33 0.25 1364
1366 6 -31.77 64.76 40.88 0.25 652
1367 6 -31.95 64.8 40.79 0.25 1366
1368 6 -31.95 64.79 40.72 0.25 1367
1369 6 -34.75 64.55 34.2 0.25 566
1370 6 -34.68 64.44 34.11 0.25 1369
1371 6 -34.65 64.44 34.04 0.25 1370
1372 6 -45.43 50.63 18.69 0.25 403
1373 6 -45.45 50.61 18.77 0.25 1372
1374 6 -45.56 50.49 18.92 0.25 1373
1375 6 -45.47 50.47 18.87 0.25 1374
1376 6 -42.59 46.31 14.43 0.25 372
1377 6 -42.59 46.25 14.39 0.25 1376
1378 6 -42.7 46.34 14.72 0.25 1377
1379 6 -42.59 46.31 14.47 0.25 1376
1380 6 -42.58 46.38 14.52 0.25 1379
1381 6 -24.42 27.44 6.21 0.25 273
1382 6 -24.37 27.52 6.15 0.25 1381
1383 6 -24.31 27.61 6.09 0.25 1382
1384 6 -24.36 27.7 6 0.25 1383
1385 6 -22.62 27.71 5.73 0.25 267
1386 6 -22.75 27.7 5.63 0.25 1385
1387 6 -22.79 27.79 5.57 0.25 1386
1388 6 -22.87 28.04 5.48 0.25 1387
1389 6 -22.95 28.09 5.4 0.25 1388
1390 6 -18.04 28 5.48 0.25 245
1391 6 -18.02 28.2 5.4 0.25 1390
1392 6 -17.95 28.2 5.32 0.25 1391
1393 6 -13.06 28.18 5.57 0.25 227
1394 6 -13.1 28.19 5.59 0.25 1393
1395 6 -10.3 27.06 5 0.25 205
1396 6 -10.3 27.04 4.96 0.25 1395
1397 6 -10.3 26.88 4.88 0.25 1396
1398 6 -10.27 26.79 4.76 0.25 1397
1399 6 -9.14 26.29 5.53 0.25 202
1400 6 -9.06 26.14 5.59 0.25 1399
1401 6 -9.09 26.12 5.69 0.25 1400
1402 6 -7.76 26.18 5.4 0.25 192
1403 6 -7.78 26.2 5.36 0.25 1402
1404 6 -7.76 26.29 5.25 0.25 1403
1405 6 -7.75 26.38 5.15 0.25 1404
1406 6 -7.76 26.44 5.09 0.25 1405
1407 6 -7.78 26.45 5 0.25 1406
1408 6 -7.8 26.45 4.96 0.25 1407
1409 6 -7.05 26.22 4.96 0.25 186
1410 6 -7.07 26.35 4.88 0.25 1409
1411 6 -7.11 26.45 4.8 0.25 1410
1412 6 -5.84 25.05 5.53 0.25 177
1413 6 -5.71 24.94 5.36 0.25 1412
1414 6 -5.65 24.87 5.25 0.25 1413
1415 6 -5.63 24.2 5.84 0.25 174
1416 6 -5.98 24.09 5.73 0.25 1415
1417 6 -6.01 23.79 5.63 0.25 1416
1418 6 -6.48 23.3 5.57 0.25 1417
1419 6 -6.55 23.26 5.73 0.25 1418
1420 6 -6.71 23.06 5.76 0.25 1419
1421 6 -6.8 22.76 5.73 0.25 1420
1422 6 -6.98 22.45 5.8 0.25 1421
1423 6 -6.71 22.39 5.84 0.25 1422
1424 6 -6.46 22.39 5.88 0.25 1423
1425 6 -6.28 22.39 5.96 0.25 1424
1426 6 -6.13 22.45 6.05 0.25 1425
1427 6 -6.07 22.44 6.11 0.25 1426
1428 6 -6 22.45 6.21 0.25 1427
1429 6 -5.9 22.45 6.28 0.25 1428
1430 6 -7.11 22.36 5.88 0.25 1422
1431 6 -7.13 22.35 5.92 0.25 1430
1432 6 -7.44 22.19 5.88 0.25 1431
1433 6 -7.53 22.2 5.96 0.25 1432
1434 6 -7.53 22.19 6.05 0.25 1433
1435 6 -7.67 22.3 6.11 0.25 1434
1436 6 -6.57 23.13 5.84 0.25 1419
1437 6 -6.61 23.12 5.84 0.25 1436
1438 6 -6.71 23.1 6.09 0.25 1437
1439 6 -6.73 23.06 6.15 0.25 1438
1440 6 -6.9 23.11 6.15 0.25 1439
1441 6 -7.13 23.17 6.09 0.25 1440
1442 6 -7.21 23.17 6 0.25 1441
1443 6 -7.32 23.12 6.09 0.25 1442
1444 6 -7.44 23.03 6.15 0.25 1443
1445 6 -7.82 22.79 6.15 0.25 1444
1446 6 -7.92 22.59 6.09 0.25 1445
1447 6 -8.14 22.54 6 0.25 1446
1448 6 -8.71 22.35 5.92 0.25 1447
1449 6 -8.92 22.38 5.84 0.25 1448
1450 6 -9.05 22.5 5.76 0.25 1449
1451 6 -9.13 22.7 5.76 0.25 1450
1452 6 -9.14 22.95 5.84 0.25 1451
1453 6 -6.51 23.37 5.53 0.25 1418
1454 6 -6.51 23.38 5.44 0.25 1453
1455 6 -6.51 23.43 5.36 0.25 1454
1456 6 -6.55 23.5 5.25 0.25 1455
1457 6 -6.61 23.52 5.21 0.25 1456
1458 6 -4.94 24.54 5.96 0.25 171
1459 6 -4.8 24.63 6.05 0.25 1458
1460 6 -4.46 24.81 6 0.25 1459
1461 6 -4.44 24.86 5.96 0.25 1460
1462 6 -4.42 24.86 5.88 0.25 1461
1463 6 -4.4 24.93 5.8 0.25 1462
1464 6 -4.48 24.88 5.73 0.25 1463
1465 6 -4.48 24.87 5.63 0.25 1464
1466 6 -4.09 23.54 6.05 0.25 166
1467 6 -4.01 23.6 5.96 0.25 1466
1468 6 -3.92 23.87 5.88 0.25 1467
1469 6 -3.8 24.12 5.8 0.25 1468
1470 6 -3.8 24.11 5.73 0.25 1469
1471 6 -3.64 24.25 5.59 0.25 1470
1472 6 -3.69 24.28 5.57 0.25 1471
1473 6 -3.7 24.29 5.48 0.25 1472
1474 6 -3.65 24.19 5.36 0.25 1471
1475 6 -3.58 24.2 5.32 0.25 1474
1476 6 -3.56 24.38 5.15 0.25 1475
1477 6 -3.56 24.38 5.09 0.25 1476
1478 6 -3.56 24.38 5 0.25 1477
1479 6 -3.45 24.37 4.92 0.25 1478
1480 6 -3.45 24.37 4.88 0.25 1479
1481 6 -3.38 24.37 4.84 0.25 1480
1482 6 -3.3 24.62 4.82 0.25 1481
1483 6 -3.3 24.84 4.84 0.25 1482
1484 6 -3.32 24.92 4.76 0.25 1483
1485 6 -3.41 25.12 4.69 0.25 1484
1486 6 -3.44 25.13 4.59 0.25 1485
1487 6 -3.38 25.3 4.48 0.25 1486
1488 6 -3.43 25.35 4.4 0.25 1487
1489 6 -3.29 25.39 4.28 0.25 1488
1490 6 -3.24 24.93 4.88 0.25 1483
1491 6 -3.04 25.12 4.84 0.25 1490
1492 6 -3.05 25.19 4.8 0.25 1491
1493 6 -3.03 25.31 4.73 0.25 1492
1494 6 -2.68 25.62 4.63 0.25 1493
1495 6 -2.66 25.7 4.57 0.25 1494
1496 6 -2.58 25.87 4.48 0.25 1495
1497 6 -2.6 26.01 4.4 0.25 1496
1498 6 -2.55 26.04 4.36 0.25 1497
1499 6 -3.63 24.52 4.84 0.25 1480
1500 6 -3.69 24.54 4.76 0.25 1499
1501 6 -3.78 24.54 4.69 0.25 1500
1502 6 -3.81 24.59 4.59 0.25 1501
1503 6 -3.85 24.72 4.53 0.25 1502
1504 6 -3.94 24.78 4.4 0.25 1503
1505 6 -3.93 24.76 4.28 0.25 1504
1506 6 -3.9 24.8 4.21 0.25 1505
1507 6 -3.82 24.87 4.11 0.25 1506
1508 6 -3.81 24.96 3.96 0.25 1507
1509 6 -3.81 25.03 3.93 0.25 1508
1510 6 -3.06 22.7 7.11 0.25 153
1511 6 -3.25 22.72 7.25 0.25 1510
1512 6 -3.3 22.7 7.36 0.25 1511
1513 6 -3.3 22.7 7.4 0.25 1512
